name: c3d_classification
channels:
  - conda-forge
  - defaults
dependencies:
  - bzip2=1.0.8=he774522_0
  - ca-certificates=2023.5.7=h56e8100_0
  - ezc3d=1.5.4=py310_python3_h55e5c92_4
  - intel-openmp=2023.1.0=h57928b3_46319
  - libblas=3.9.0=8_mkl
  - libcblas=3.9.0=8_mkl
  - libffi=3.4.4=hd77b12b_0
  - liblapack=3.9.0=8_mkl
  - mkl=2020.4=hb70f87d_311
  - numpy=1.25.0=py310hd02465a_0
  - openssl=3.1.1=hcfcfb64_1
  - pip=23.1.2=py310haa95532_0
  - python=3.10.12=he1021f5_0
  - python_abi=3.10=2_cp310
  - setuptools=67.8.0=py310haa95532_0
  - sqlite=3.41.2=h2bbff1b_0
  - tk=8.6.12=h2bbff1b_0
  - tzdata=2023c=h04d1e81_0
  - ucrt=10.0.22621.0=h57928b3_0
  - vc=14.2=h21ff451_1
  - vc14_runtime=14.36.32532=hfdfe4a8_17
  - vs2015_runtime=14.36.32532=h05e6639_17
  - wheel=0.38.4=py310haa95532_0
  - xz=5.4.2=h8cc25b3_0
  - zlib=1.2.13=h8cc25b3_0
  - pip:
      - scipy==1.11.1
